%YAML:1.2
link2world_pose: !!opencv-matrix
  rows: 4
  cols: 4
  dt: d
  data: [ 1, 0, 0, 0.0211199,
          0, 1, 0, -0.0238403,
          0, 0, 1, 0.2,
          0, 0, 0, 1 ]